

*----------------------------------------------------------------------
* Basis Set Exchange
* Version v0.9.1
* https://www.basissetexchange.org
*----------------------------------------------------------------------
*   Basis set: cc-pV5Z
* Description: cc-pV5Z
*        Role: orbital
*     Version: 1  (Data from ccRepo/Grant Hill)
*----------------------------------------------------------------------


1 15
0 0 1 0 1.0
      1.283000D+00           1.000000D+00
0 0 1 0 1.0
      4.655000D-01           1.000000D+00
0 0 8 0 1.0
      4.020000D+02           2.790000D-04
      6.024000D+01           2.165000D-03
      1.373000D+01           1.120100D-02
      3.905000D+00           4.487800D-02
      1.283000D+00           1.422990D-01
      4.655000D-01           3.309790D-01
      1.811000D-01           4.362690D-01
      7.279000D-02           1.764400D-01
0 0 1 0 1.0
      1.811000D-01           1.000000D+00
0 0 1 0 1.0
      7.279000D-02           1.000000D+00
0 2 1 0 1.0
      4.516000D+00           1.000000D+00
0 2 1 0 1.0
      1.712000D+00           1.000000D+00
0 2 1 0 1.0
      6.490000D-01           1.000000D+00
0 2 1 0 1.0
      2.460000D-01           1.000000D+00
0 3 1 0 1.0
      2.950000D+00           1.000000D+00
0 3 1 0 1.0
      1.206000D+00           1.000000D+00
0 3 1 0 1.0
      4.930000D-01           1.000000D+00
0 4 1 0 1.0
      2.506000D+00           1.000000D+00
0 4 1 0 1.0
      8.750000D-01           1.000000D+00
0 5 1 0 1.0
      2.358000D+00           1.0000000
99 0

