

*----------------------------------------------------------------------
* Basis Set Exchange
* Version v0.9.1
* https://www.basissetexchange.org
*----------------------------------------------------------------------
*   Basis set: cc-pVQZ-JKFIT
* Description: JK Fitting basis for use with cc-pVQZ
*        Role: jkfit
*     Version: 1  (Data from Turbomole 7.3)
*----------------------------------------------------------------------


1 13
0 0 1 0 1.0
      9.5302493327           1.0000000
0 0 1 0 1.0
      1.9174506246           1.0000000
0 0 1 0 1.0
      0.68424049142          1.0000000
0 0 1 0 1.0
      0.28413255710          1.0000000
0 2 1 0 1.0
      2.9133232035           1.0000000
0 2 1 0 1.0
      1.2621205398           1.0000000
0 2 1 0 1.0
      0.50199775874          1.0000000
0 3 1 0 1.0
      2.8832083931           1.0000000
0 3 1 0 1.0
      1.2801701725           1.0000000
0 3 1 0 1.0
      0.52511317770          1.0000000
0 4 1 0 1.0
      2.7489448439           1.0000000
0 4 1 0 1.0
      1.1900885456           1.0000000
0 5 1 0 1.0
      1.4752662714           1.0000000
99 0

