

*----------------------------------------------------------------------
* Basis Set Exchange
* Version v0.9.1
* https://www.basissetexchange.org
*----------------------------------------------------------------------
*   Basis set: cc-pVQZ-F12
* Description: VQZ for explicitly correlated F12 variants of
*                    wavefunction methods
*        Role: orbital
*     Version: 0  (Data from the original Basis Set Exchange)
*----------------------------------------------------------------------


1 12
0 0 4 0 1.0
    402.0000000              0.0002790
     60.2400000              0.0021650
     13.7300000              0.0112010
      3.9050000              0.0448780
0 0 1 0 1.0
      1.2830000              1.0000000
0 0 1 0 1.0
      0.4655000              1.0000000
0 0 1 0 1.0
      0.1811000              1.0000000
0 0 1 0 1.0
      0.0727900              1.0000000
0 2 1 0 1.0
      3.2599000              1.0000000
0 2 1 0 1.0
      1.2389000              1.0000000
0 2 1 0 1.0
      0.4708000              1.0000000
0 2 1 0 1.0
      0.1789000              1.0000000
0 3 1 0 1.0
      1.1111000              1.0000000
0 3 1 0 1.0
      0.3501000              1.0000000
0 4 1 0 1.0
      0.4796000              1.0000000
99 0

