

*----------------------------------------------------------------------
* Basis Set Exchange
* Version v0.9.1
* https://www.basissetexchange.org
*----------------------------------------------------------------------
*   Basis set: cc-pV5Z-F12
* Description: cc-pV5Z-F12
*        Role: orbital
*     Version: 1  (Data from K. Peterson)
*----------------------------------------------------------------------


8 30
0 0 16 0 1.0
      5.708000D+05           5.5500000D-06
      8.548000D+04           4.3110000D-05
      1.946000D+04           2.2667000D-04
      5.512000D+03           9.5637000D-04
      1.798000D+03           3.4732000D-03
      6.489000D+02           1.1197780D-02
      2.531000D+02           3.2387660D-02
      1.049000D+02           8.2859770D-02
      4.565000D+01           1.7958381D-01
      2.062000D+01           3.0522110D-01
      9.587000D+00           3.4089349D-01
      4.493000D+00           1.7742611D-01
      1.837000D+00           2.0491070D-02
      8.349000D-01          -9.6807000D-04
      3.658000D-01           1.0571500D-03
      1.570000D-01          -9.7210000D-05
0 0 1 0 1.0
      4.493000D+00           1.0000000D+00
0 0 1 0 1.0
      1.837000D+00           1.0000000D+00
0 0 1 0 1.0
      8.349000D-01           1.0000000D+00
0 0 16 0 1.0
      5.708000D+05          -1.2600000D-06
      8.548000D+04          -9.7700000D-06
      1.946000D+04          -5.1480000D-05
      5.512000D+03          -2.1696000D-04
      1.798000D+03          -7.9162000D-04
      6.489000D+02          -2.5590000D-03
      2.531000D+02          -7.5331300D-03
      1.049000D+02          -1.9788970D-02
      4.565000D+01          -4.6062880D-02
      2.062000D+01          -8.9195600D-02
      9.587000D+00          -1.3754216D-01
      4.493000D+00          -1.0511948D-01
      1.837000D+00           1.4477143D-01
      8.349000D-01           4.4146336D-01
      3.658000D-01           4.4468145D-01
      1.570000D-01           1.2824259D-01
0 0 1 0 1.0
      3.658000D-01           1.0000000D+00
0 0 1 0 1.0
      1.570000D-01           1.0000000D+00
0 0 1 0 1.0
      5.935000D-02           1.0000000D+00
0 2 1 0 1.0
      6.245000D+00           1.0000000D+00
0 2 1 0 1.0
      2.732000D+00           1.0000000D+00
0 2 1 0 1.0
      1.227000D+00           1.0000000D+00
0 2 10 0 1.0
      5.256000D+02           1.6664000D-04
      1.246000D+02           1.4333600D-03
      4.034000D+01           7.5476200D-03
      1.518000D+01           2.8594560D-02
      6.245000D+00           8.4388580D-02
      2.732000D+00           1.8748342D-01
      1.227000D+00           2.9790579D-01
      5.492000D-01           3.3855755D-01
      2.418000D-01           2.4726093D-01
      1.025000D-01           7.0033500D-02
0 2 1 0 1.0
      5.492000D-01           1.0000000D+00
0 2 1 0 1.0
      2.418000D-01           1.0000000D+00
0 2 1 0 1.0
      1.025000D-01           1.0000000D+00
0 2 1 0 1.0
      3.380000D-02           1.0000000D+00
0 3 1 0 1.0
      1.168230D+01           1.0000000D+00
0 3 1 0 1.0
      4.514800D+00           1.0000000D+00
0 3 1 0 1.0
      1.744800D+00           1.0000000D+00
0 3 1 0 1.0
      6.743000D-01           1.0000000D+00
0 3 1 0 1.0
      2.606000D-01           1.0000000D+00
0 4 1 0 1.0
      6.219100D+00           1.0000000D+00
0 4 1 0 1.0
      2.509000D+00           1.0000000D+00
0 4 1 0 1.0
      1.012200D+00           1.0000000D+00
0 4 1 0 1.0
      4.084000D-01           1.0000000D+00
0 5 1 0 1.0
      3.533000D+00           1.0000000D+00
0 5 1 0 1.0
      1.365800D+00           1.0000000D+00
0 5 1 0 1.0
      5.280000D-01           1.0000000D+00
0 6 1 0 1.0
      2.194200D+00           1.0000000D+00
0 6 1 0 1.0
      6.648000D-01           1.0000000D+00
99 0

