

*----------------------------------------------------------------------
* Basis Set Exchange
* Version v0.9.1
* https://www.basissetexchange.org
*----------------------------------------------------------------------
*   Basis set: cc-pVQZ
* Description: cc-pVQZ
*        Role: orbital
*     Version: 1  (Data from ccRepo/Grant Hill)
*----------------------------------------------------------------------


1 10
0 0 1 0 1.0
      7.977000D-01           1.000000D+00
0 0 1 0 1.0
      2.581000D-01           1.000000D+00
0 0 6 0 1.0
      8.264000D+01           2.006000D-03
      1.241000D+01           1.534300D-02
      2.824000D+00           7.557900D-02
      7.977000D-01           2.568750D-01
      2.581000D-01           4.973680D-01
      8.989000D-02           2.961330D-01
0 0 1 0 1.0
      8.989000D-02           1.000000D+00
0 2 1 0 1.0
      2.292000D+00           1.000000D+00
0 2 1 0 1.0
      8.380000D-01           1.000000D+00
0 2 1 0 1.0
      2.920000D-01           1.000000D+00
0 3 1 0 1.0
      2.062000D+00           1.000000D+00
0 3 1 0 1.0
      6.620000D-01           1.000000D+00
0 4 1 0 1.0
      1.397000D+00           1.0000000
99 0

