

*----------------------------------------------------------------------
* Basis Set Exchange
* Version v0.9.1
* https://www.basissetexchange.org
*----------------------------------------------------------------------
*   Basis set: cc-pV6Z
* Description: cc-pV6Z
*        Role: orbital
*     Version: 1  (Data from ccRepo/Grant Hill)
*----------------------------------------------------------------------


1 21
0 0 1 0 1.0
      1.794924D+00           1.000000D+00
0 0 1 0 1.0
      7.107160D-01           1.000000D+00
0 0 1 0 1.0
      3.048020D-01           1.000000D+00
0 0 10 0 1.0
      1.776776D+03           4.400000D-05
      2.540177D+02           3.720000D-04
      5.469804D+01           2.094000D-03
      1.501834D+01           8.863000D-03
      4.915078D+00           3.054000D-02
      1.794924D+00           9.034200D-02
      7.107160D-01           2.132390D-01
      3.048020D-01           3.523500D-01
      1.380460D-01           3.396570D-01
      6.215700D-02           1.073300D-01
0 0 1 0 1.0
      1.380460D-01           1.000000D+00
0 0 1 0 1.0
      6.215700D-02           1.000000D+00
0 2 1 0 1.0
      8.649000D+00           1.000000D+00
0 2 1 0 1.0
      3.430000D+00           1.000000D+00
0 2 1 0 1.0
      1.360000D+00           1.000000D+00
0 2 1 0 1.0
      5.390000D-01           1.000000D+00
0 2 1 0 1.0
      2.140000D-01           1.000000D+00
0 3 1 0 1.0
      4.453000D+00           1.000000D+00
0 3 1 0 1.0
      1.958000D+00           1.000000D+00
0 3 1 0 1.0
      8.610000D-01           1.000000D+00
0 3 1 0 1.0
      3.780000D-01           1.000000D+00
0 4 1 0 1.0
      4.100000D+00           1.000000D+00
0 4 1 0 1.0
      1.780000D+00           1.000000D+00
0 4 1 0 1.0
      7.730000D-01           1.000000D+00
0 5 1 0 1.0
      3.199000D+00           1.000000D+00
0 5 1 0 1.0
      1.326000D+00           1.000000D+00
0 6 1 0 1.0
      2.653000D+00           1.0000000
99 0

