

*----------------------------------------------------------------------
* Basis Set Exchange
* Version v0.9.1
* https://www.basissetexchange.org
*----------------------------------------------------------------------
*   Basis set: def2-TZVPD-RIFIT
* Description: def2-TZVPD-RIFIT
*        Role: rifit
*     Version: 1  (Data from Turbomole 7.3)
*----------------------------------------------------------------------


1 10
0 0 1 0 1.0
      9.33521609              .64609379
0 0 1 0 1.0
      1.86110704             1.37005241
0 0 1 0 1.0
       .59512466             1.0000000
0 0 1 0 1.0
       .26448099             1.0000000
0 0 1 0 1.0
      0.170287               1.0000000
0 2 2 0 1.0
      2.45249821              .13284956
      1.35403830             1.45276215
0 2 1 0 1.0
       .59522394             1.0000000
0 2 1 0 1.0
      0.194691               1.0000000
0 3 2 0 1.0
      1.58163766             1.49367397
       .62743960             -.01070690
0 3 1 0 1.0
      0.416309               1.0000000
99 0

