

*----------------------------------------------------------------------
* Basis Set Exchange
* Version v0.9.1
* https://www.basissetexchange.org
*----------------------------------------------------------------------
*   Basis set: def2-QZVPD
* Description: def2-QZVPD
*        Role: orbital
*     Version: 1  (Data from Turbomole 7.3)
*----------------------------------------------------------------------


1 11
0 0 4 0 1.0
    190.6916900              0.70815167D-03
     28.6055320              0.54678827D-02
      6.5095943              0.27966605D-01
      1.8412455              0.10764538
0 0 1 0 1.0
      0.59853725             1.0000000
0 0 1 0 1.0
      0.21397624             1.0000000
0 0 1 0 1.0
      0.80316286D-01         1.0000000
0 2 1 0 1.0
      2.29200000             1.0000000
0 2 1 0 1.0
      0.83800000             1.0000000
0 2 1 0 1.0
      0.29200000             1.0000000
0 2 1 0 1.0
      0.84063199228D-01      1.0000000
0 3 1 0 1.0
      2.06200000             1.0000000
0 3 1 0 1.0
      0.66200000             1.0000000
0 4 1 0 1.0
      1.39700000             1.0000000
99 0

