

*----------------------------------------------------------------------
* Basis Set Exchange
* Version v0.9.1
* https://www.basissetexchange.org
*----------------------------------------------------------------------
*   Basis set: 6-311++G(3df,3pd)
* Description: 6-311++G(3df,3pd)
*        Role: orbital
*     Version: 0  (Data from the Original Basis Set Exchange)
*----------------------------------------------------------------------


8 9
0 0 6 0 1.0
   8588.500                  0.00189515
   1297.230                  0.0143859
    299.2960                 0.0707320
     87.37710                0.2400010
     25.67890                0.5947970
      3.740040               0.2808020
0 1 3 0 1.0
     42.11750                0.113889               0.0365114
      9.628370               0.920811               0.237153
      2.853320              -0.00327447             0.819702
0 1 1 0 1.0
      0.905661               1.000000               1.000000
0 1 1 0 1.0
      0.255611               1.000000               1.000000
0 1 1 0 1.0
      0.0845000              1.0000000              1.0000000
0 3 1 0 1.0
      5.16000                1.000000
0 3 1 0 1.0
      1.29200                1.000000
0 3 1 0 1.0
      0.32250                1.000000
0 4 1 0 1.0
      1.4000000              1.0000000
99 0

