

*----------------------------------------------------------------------
* Basis Set Exchange
* Version v0.9.1
* https://www.basissetexchange.org
*----------------------------------------------------------------------
*   Basis set: cc-pCVQZ
* Description: QZ3P    Quadruple Zeta + Polarization + Tight Core
*        Role: orbital
*     Version: 0  (Data from the original Basis Set Exchange)
*----------------------------------------------------------------------


8 24
0 0 1 0 1.0
     93.8810000              1.0000000
0 0 1 0 1.0
     34.9000000              1.0000000
0 0 12 0 1.0
  61420.0000000              0.0000900
   9199.0000000              0.0006980
   2091.0000000              0.0036640
    590.9000000              0.0152180
    192.3000000              0.0524230
     69.3200000              0.1459210
     26.9700000              0.3052580
     11.1000000              0.3985080
      4.6820000              0.2169800
      1.4280000              0.0175940
      0.5547000             -0.0025020
      0.2067000              0.0009540
0 0 1 0 1.0
     12.9740000              1.0000000
0 0 1 0 1.0
      1.4280000              1.0000000
0 0 1 0 1.0
      0.5547000              1.0000000
0 0 12 0 1.0
  61420.0000000             -0.0000200
   9199.0000000             -0.0001590
   2091.0000000             -0.0008290
    590.9000000             -0.0035080
    192.3000000             -0.0121560
     69.3200000             -0.0362610
     26.9700000             -0.0829920
     11.1000000             -0.1520900
      4.6820000             -0.1153310
      1.4280000              0.2889790
      0.5547000              0.5861280
      0.2067000              0.2776240
0 0 1 0 1.0
      0.2067000              1.0000000
0 2 1 0 1.0
    126.1400000              1.0000000
0 2 1 0 1.0
     42.7300000              1.0000000
0 2 1 0 1.0
     14.4750000              1.0000000
0 2 1 0 1.0
      1.5310000              1.0000000
0 2 6 0 1.0
     63.4200000              0.0060440
     14.6600000              0.0417990
      4.4590000              0.1611430
      1.5310000              0.3567310
      0.5302000              0.4483090
      0.1750000              0.2449400
0 2 1 0 1.0
      0.5302000              1.0000000
0 2 1 0 1.0
      0.1750000              1.0000000
0 3 1 0 1.0
     57.5440000              1.0000000
0 3 1 0 1.0
     14.9270000              1.0000000
0 3 1 0 1.0
      3.7750000              1.0000000
0 3 1 0 1.0
      1.3000000              1.0000000
0 3 1 0 1.0
      0.4440000              1.0000000
0 4 1 0 1.0
     26.4830000              1.0000000
0 4 1 0 1.0
      2.6660000              1.0000000
0 4 1 0 1.0
      0.8590000              1.0000000
0 5 1 0 1.0
      1.8460000              1.0000000
99 0

