

*----------------------------------------------------------------------
* Basis Set Exchange
* Version v0.9.1
* https://www.basissetexchange.org
*----------------------------------------------------------------------
*   Basis set: cc-pVDZ
* Description: cc-pVDZ
*        Role: orbital
*     Version: 1  (Data from ccRepo/Grant Hill)
*----------------------------------------------------------------------


8 6
0 0 9 0 1.0
      1.172000D+04           7.100000D-04
      1.759000D+03           5.470000D-03
      4.008000D+02           2.783700D-02
      1.137000D+02           1.048000D-01
      3.703000D+01           2.830620D-01
      1.327000D+01           4.487190D-01
      5.025000D+00           2.709520D-01
      1.013000D+00           1.545800D-02
      3.023000D-01          -2.585000D-03
0 0 9 0 1.0
      1.172000D+04          -1.600000D-04
      1.759000D+03          -1.263000D-03
      4.008000D+02          -6.267000D-03
      1.137000D+02          -2.571600D-02
      3.703000D+01          -7.092400D-02
      1.327000D+01          -1.654110D-01
      5.025000D+00          -1.169550D-01
      1.013000D+00           5.573680D-01
      3.023000D-01           5.727590D-01
0 0 1 0 1.0
      3.023000D-01           1.000000D+00
0 2 4 0 1.0
      1.770000D+01           4.301800D-02
      3.854000D+00           2.289130D-01
      1.046000D+00           5.087280D-01
      2.753000D-01           4.605310D-01
0 2 1 0 1.0
      2.753000D-01           1.000000D+00
0 3 1 0 1.0
      1.185000D+00           1.0000000
99 0

