

*----------------------------------------------------------------------
* Basis Set Exchange
* Version v0.9.1
* https://www.basissetexchange.org
*----------------------------------------------------------------------
*   Basis set: cc-pV6Z
* Description: cc-pV6Z
*        Role: orbital
*     Version: 1  (Data from ccRepo/Grant Hill)
*----------------------------------------------------------------------


8 28
0 0 16 0 1.0
      5.708000D+05           5.550000D-06
      8.548000D+04           4.311000D-05
      1.946000D+04           2.266700D-04
      5.512000D+03           9.563700D-04
      1.798000D+03           3.473200D-03
      6.489000D+02           1.119778D-02
      2.531000D+02           3.238766D-02
      1.049000D+02           8.285977D-02
      4.565000D+01           1.795838D-01
      2.062000D+01           3.052211D-01
      9.587000D+00           3.408935D-01
      4.493000D+00           1.774261D-01
      1.837000D+00           2.049107D-02
      8.349000D-01          -9.680700D-04
      3.658000D-01           1.057150D-03
      1.570000D-01          -9.721000D-05
0 0 1 0 1.0
      4.493000D+00           1.000000D+00
0 0 1 0 1.0
      1.837000D+00           1.000000D+00
0 0 1 0 1.0
      8.349000D-01           1.000000D+00
0 0 16 0 1.0
      5.708000D+05          -1.260000D-06
      8.548000D+04          -9.770000D-06
      1.946000D+04          -5.148000D-05
      5.512000D+03          -2.169600D-04
      1.798000D+03          -7.916200D-04
      6.489000D+02          -2.559000D-03
      2.531000D+02          -7.533130D-03
      1.049000D+02          -1.978897D-02
      4.565000D+01          -4.606288D-02
      2.062000D+01          -8.919560D-02
      9.587000D+00          -1.375422D-01
      4.493000D+00          -1.051195D-01
      1.837000D+00           1.447714D-01
      8.349000D-01           4.414634D-01
      3.658000D-01           4.446814D-01
      1.570000D-01           1.282426D-01
0 0 1 0 1.0
      3.658000D-01           1.000000D+00
0 0 1 0 1.0
      1.570000D-01           1.000000D+00
0 2 1 0 1.0
      2.732000D+00           1.000000D+00
0 2 1 0 1.0
      1.227000D+00           1.000000D+00
0 2 10 0 1.0
      5.256000D+02           1.666400D-04
      1.246000D+02           1.433360D-03
      4.034000D+01           7.547620D-03
      1.518000D+01           2.859456D-02
      6.245000D+00           8.438858D-02
      2.732000D+00           1.874834D-01
      1.227000D+00           2.979058D-01
      5.492000D-01           3.385575D-01
      2.418000D-01           2.472609D-01
      1.025000D-01           7.003350D-02
0 2 1 0 1.0
      5.492000D-01           1.000000D+00
0 2 1 0 1.0
      2.418000D-01           1.000000D+00
0 2 1 0 1.0
      1.025000D-01           1.000000D+00
0 3 1 0 1.0
      8.253000D+00           1.000000D+00
0 3 1 0 1.0
      3.597000D+00           1.000000D+00
0 3 1 0 1.0
      1.568000D+00           1.000000D+00
0 3 1 0 1.0
      6.840000D-01           1.000000D+00
0 3 1 0 1.0
      2.980000D-01           1.000000D+00
0 4 1 0 1.0
      5.430000D+00           1.000000D+00
0 4 1 0 1.0
      2.416000D+00           1.000000D+00
0 4 1 0 1.0
      1.075000D+00           1.000000D+00
0 4 1 0 1.0
      4.780000D-01           1.000000D+00
0 5 1 0 1.0
      5.211000D+00           1.000000D+00
0 5 1 0 1.0
      2.190000D+00           1.000000D+00
0 5 1 0 1.0
      9.200000D-01           1.000000D+00
0 6 1 0 1.0
      3.872000D+00           1.000000D+00
0 6 1 0 1.0
      1.505000D+00           1.000000D+00
0 7 1 0 1.0
      2.773000D+00           1.0000000
99 0

