

*----------------------------------------------------------------------
* Basis Set Exchange
* Version v0.9.1
* https://www.basissetexchange.org
*----------------------------------------------------------------------
*   Basis set: cc-pVQZ-F12
* Description: VQZ for explicitly correlated F12 variants of
*                    wavefunction methods
*        Role: orbital
*     Version: 0  (Data from the original Basis Set Exchange)
*----------------------------------------------------------------------


8 23
0 0 10 0 1.0
 164200.0000000              0.0000260
  24590.0000000              0.0002050
   5592.0000000              0.0010760
   1582.0000000              0.0045220
    516.1000000              0.0161080
    187.2000000              0.0490850
     73.9300000              0.1248570
     31.2200000              0.2516860
     13.8100000              0.3624200
      6.2560000              0.2790510
0 0 10 0 1.0
 164200.0000000             -0.0000060
  24590.0000000             -0.0000460
   5592.0000000             -0.0002440
   1582.0000000             -0.0010310
    516.1000000             -0.0036880
    187.2000000             -0.0115140
     73.9300000             -0.0304350
     31.2200000             -0.0681470
     13.8100000             -0.1203680
      6.2560000             -0.1482600
0 0 1 0 1.0
      2.7760000              1.0000000
0 0 1 0 1.0
      1.1380000              1.0000000
0 0 1 0 1.0
      0.4600000              1.0000000
0 0 1 0 1.0
      0.1829000              1.0000000
0 0 1 0 1.0
      0.0655000              1.0000000
0 2 3 0 1.0
    195.5000000              0.0009180
     46.1600000              0.0073880
     14.5800000              0.0349580
0 2 1 0 1.0
      5.2960000              1.0000000
0 2 1 0 1.0
      2.0940000              1.0000000
0 2 1 0 1.0
      0.8471000              1.0000000
0 2 1 0 1.0
      0.3368000              1.0000000
0 2 1 0 1.0
      0.1285000              1.0000000
0 2 1 0 1.0
      0.0446000              1.0000000
0 3 1 0 1.0
      7.6720000              1.0000000
0 3 1 0 1.0
      2.8205000              1.0000000
0 3 1 0 1.0
      1.0369000              1.0000000
0 3 1 0 1.0
      0.3812000              1.0000000
0 4 1 0 1.0
      3.5028000              1.0000000
0 4 1 0 1.0
      1.2802000              1.0000000
0 4 1 0 1.0
      0.4679000              1.0000000
99 0
