

*----------------------------------------------------------------------
* Basis Set Exchange
* Version v0.9.1
* https://www.basissetexchange.org
*----------------------------------------------------------------------
*   Basis set: cc-pVQZ
* Description: cc-pVQZ
*        Role: orbital
*     Version: 1  (Data from ccRepo/Grant Hill)
*----------------------------------------------------------------------


8 15
0 0 12 0 1.0
      6.142000D+04           9.000000D-05
      9.199000D+03           6.980000D-04
      2.091000D+03           3.664000D-03
      5.909000D+02           1.521800D-02
      1.923000D+02           5.242300D-02
      6.932000D+01           1.459210D-01
      2.697000D+01           3.052580D-01
      1.110000D+01           3.985080D-01
      4.682000D+00           2.169800D-01
      1.428000D+00           1.759400D-02
      5.547000D-01          -2.502000D-03
      2.067000D-01           9.540000D-04
0 0 1 0 1.0
      1.428000D+00           1.000000D+00
0 0 1 0 1.0
      5.547000D-01           1.000000D+00
0 0 12 0 1.0
      6.142000D+04          -2.000000D-05
      9.199000D+03          -1.590000D-04
      2.091000D+03          -8.290000D-04
      5.909000D+02          -3.508000D-03
      1.923000D+02          -1.215600D-02
      6.932000D+01          -3.626100D-02
      2.697000D+01          -8.299200D-02
      1.110000D+01          -1.520900D-01
      4.682000D+00          -1.153310D-01
      1.428000D+00           2.889790D-01
      5.547000D-01           5.861280D-01
      2.067000D-01           2.776240D-01
0 0 1 0 1.0
      2.067000D-01           1.000000D+00
0 2 1 0 1.0
      1.531000D+00           1.000000D+00
0 2 6 0 1.0
      6.342000D+01           6.044000D-03
      1.466000D+01           4.179900D-02
      4.459000D+00           1.611430D-01
      1.531000D+00           3.567310D-01
      5.302000D-01           4.483090D-01
      1.750000D-01           2.449400D-01
0 2 1 0 1.0
      5.302000D-01           1.000000D+00
0 2 1 0 1.0
      1.750000D-01           1.000000D+00
0 3 1 0 1.0
      3.775000D+00           1.000000D+00
0 3 1 0 1.0
      1.300000D+00           1.000000D+00
0 3 1 0 1.0
      4.440000D-01           1.000000D+00
0 4 1 0 1.0
      2.666000D+00           1.000000D+00
0 4 1 0 1.0
      8.590000D-01           1.000000D+00
0 5 1 0 1.0
      1.846000D+00           1.0000000
99 0

