

*----------------------------------------------------------------------
* Basis Set Exchange
* Version v0.9.1
* https://www.basissetexchange.org
*----------------------------------------------------------------------
*   Basis set: cc-pVQZ(seg-opt)
* Description: VQZ3P   Valence Quadruple Zeta + Polarization on All
*                    Atoms
*        Role: orbital
*     Version: 0  (Data from the original Basis Set Exchange)
*----------------------------------------------------------------------


8 15
0 0 8 0 1.0
  61420.000                  0.00009156
   9199.000                  0.00069733
   2091.000                  0.00367901
    590.900                  0.01506706
    192.300                  0.05166742
     69.320                  0.13584352
     26.970                  0.26070442
     11.100                  0.19645692
0 0 8 0 1.0
  61420.000                  0.00000061
   9199.000                 -0.00000180
    590.900                 -0.00010861
    192.300                 -0.00049411
     69.320                 -0.00543605
     26.970                 -0.02332430
     11.100                 -0.10371938
      4.682                 -0.11094276
0 0 1 0 1.0
      1.428                  1.000000
0 0 1 0 1.0
      0.5547                 1.000000
0 0 1 0 1.0
      0.2067                 1.000000
0 2 3 0 1.0
     63.42                   0.006044
     14.66                   0.041799
      4.459                  0.161143
0 2 1 0 1.0
      1.531                  1.000000
0 2 1 0 1.0
      0.5302                 1.000000
0 2 1 0 1.0
      0.1750                 1.000000
0 3 1 0 1.0
      3.775                  1.000000
0 3 1 0 1.0
      1.300                  1.000000
0 3 1 0 1.0
      0.444                  1.000000
0 4 1 0 1.0
      2.666                  1.000000
0 4 1 0 1.0
      0.859                  1.000000
0 5 1 0 1.0
      1.846                  1.000000
99 0

