

*----------------------------------------------------------------------
* Basis Set Exchange
* Version v0.9.1
* https://www.basissetexchange.org
*----------------------------------------------------------------------
*   Basis set: cc-pVQZ-JKFIT
* Description: JK Fitting basis for use with cc-pVQZ
*        Role: jkfit
*     Version: 1  (Data from Turbomole 7.3)
*----------------------------------------------------------------------


8 28
0 0 1 0 1.0
   1517.8667506              1.0000000
0 0 1 0 1.0
    489.67952008             1.0000000
0 0 1 0 1.0
    176.72118665             1.0000000
0 0 1 0 1.0
     63.792233137            1.0000000
0 0 1 0 1.0
     25.366499130            1.0000000
0 0 1 0 1.0
      9.9135491200           1.0000000
0 0 1 0 1.0
      4.4645306584           1.0000000
0 0 1 0 1.0
      1.8017743661           1.0000000
0 0 1 0 1.0
      0.80789710965          1.0000000
0 0 1 0 1.0
      0.33864326862          1.0000000
0 2 1 0 1.0
    120.16030921             1.0000000
0 2 1 0 1.0
     34.409622474            1.0000000
0 2 1 0 1.0
     12.581148610            1.0000000
0 2 1 0 1.0
      5.0663824249           1.0000000
0 2 1 0 1.0
      2.0346927092           1.0000000
0 2 1 0 1.0
      0.86092967212          1.0000000
0 2 1 0 1.0
      0.36681356726          1.0000000
0 3 1 0 1.0
     19.043062805            1.0000000
0 3 1 0 1.0
      5.8060381104           1.0000000
0 3 1 0 1.0
      2.1891841580           1.0000000
0 3 1 0 1.0
      0.87794613558          1.0000000
0 3 1 0 1.0
      0.35623646700          1.0000000
0 4 1 0 1.0
      3.96585000000000000000 1.0000000
0 4 1 0 1.0
      1.49085000000000000000 1.0000000
0 4 1 0 1.0
       .63485000000000000000 1.0000000
0 5 1 0 1.0
      2.85685000000000000000 1.0000000
0 5 1 0 1.0
      1.04985000000000000000 1.0000000
0 6 1 0 1.0
      2.03685000000000000000 1.0000000
99 0

