

*----------------------------------------------------------------------
* Basis Set Exchange
* Version v0.9.1
* https://www.basissetexchange.org
*----------------------------------------------------------------------
*   Basis set: def2-QZVP
* Description: def2-QZVP
*        Role: orbital
*     Version: 1  (Data from Turbomole 7.3)
*----------------------------------------------------------------------


8 17
0 0 8 0 1.0
 116506.4690800              0.40383857939D-04
  17504.3497240              0.31255139004D-03
   3993.4513230              0.16341473495D-02
   1133.0063186              0.68283224757D-02
    369.99569594             0.24124410221D-01
    133.62074349             0.72730206154D-01
     52.035643649            0.17934429892
     21.461939313            0.33059588895
0 0 2 0 1.0
     89.835051252            0.96468652996D-01
     26.428010844            0.94117481120
0 0 1 0 1.0
      9.2822824649           1.0000000
0 0 1 0 1.0
      4.0947728533           1.0000000
0 0 1 0 1.0
      1.3255349078           1.0000000
0 0 1 0 1.0
      0.51877230787          1.0000000
0 0 1 0 1.0
      0.19772676454          1.0000000
0 2 5 0 1.0
    191.15255810             0.25115697705D-02
     45.233356739            0.20039240864D-01
     14.353465922            0.93609064762D-01
      5.2422371832           0.30618127124
      2.0792418599           0.67810501439
0 2 1 0 1.0
      0.84282371424          1.0000000
0 2 1 0 1.0
      0.33617694891          1.0000000
0 2 1 0 1.0
      0.12863997974          1.0000000
0 3 1 0 1.0
      3.77500000             1.0000000
0 3 1 0 1.0
      1.30000000             1.0000000
0 3 1 0 1.0
      0.44400000             1.0000000
0 4 1 0 1.0
      2.66600000             1.0000000
0 4 1 0 1.0
      0.85900000             1.0000000
0 5 1 0 1.0
      1.84600000             1.0000000
99 0

