

*----------------------------------------------------------------------
* Basis Set Exchange
* Version v0.9.1
* https://www.basissetexchange.org
*----------------------------------------------------------------------
*   Basis set: def2-TZVPD-RIFIT
* Description: def2-TZVPD-RIFIT
*        Role: rifit
*     Version: 1  (Data from Turbomole 7.3)
*----------------------------------------------------------------------


8 26
0 0 1 0 1.0
    364.91291000              .58060340
0 0 1 0 1.0
     77.38709400             1.40179846
0 0 1 0 1.0
     24.30170600              .34994600
0 0 1 0 1.0
      8.43695450             1.0000000
0 0 1 0 1.0
      3.15279410             1.0000000
0 0 1 0 1.0
      1.57754300             1.0000000
0 0 1 0 1.0
       .78178244             1.0000000
0 0 1 0 1.0
       .31652679             1.0000000
0 0 1 0 1.0
      0.0980545              1.0000000
0 2 1 0 1.0
     56.73594800             1.04911649
0 2 1 0 1.0
     14.99721700             1.13960439
0 2 1 0 1.0
      5.64281160             1.0000000
0 2 1 0 1.0
      2.40692198             1.0000000
0 2 1 0 1.0
      1.02640596             1.0000000
0 2 1 0 1.0
       .43769977             1.0000000
0 2 1 0 1.0
      0.213654               1.0000000
0 3 2 0 1.0
     12.44682100             1.14971821
      6.12169170              .95355196
0 3 1 0 1.0
      2.71029490             1.0000000
0 3 1 0 1.0
      1.15240610             1.0000000
0 3 1 0 1.0
       .41386174             1.0000000
0 3 1 0 1.0
      0.150934               1.0000000
0 4 1 0 1.0
      4.77935390              .36170900
0 4 1 0 1.0
      2.32046420             1.78111990
0 4 1 0 1.0
      1.09128040              .45330353
0 4 1 0 1.0
      0.309925               1.0000000
0 5 1 0 1.0
      2.33831070             1.0000000
99 0

