

*----------------------------------------------------------------------
* Basis Set Exchange
* Version v0.9.1
* https://www.basissetexchange.org
*----------------------------------------------------------------------
*   Basis set: def2-TZVP
* Description: def2-TZVP
*        Role: orbital
*     Version: 1  (Data from Turbomole 7.3)
*----------------------------------------------------------------------


8 11
0 0 6 0 1.0
  27032.3826310              0.21726302465D-03
   4052.3871392              0.16838662199D-02
    922.32722710             0.87395616265D-02
    261.24070989             0.35239968808D-01
     85.354641351            0.11153519115
     31.035035245            0.25588953961
0 0 2 0 1.0
     12.260860728            0.39768730901
      4.9987076005           0.24627849430
0 0 1 0 1.0
      1.1703108158           1.0000000
0 0 1 0 1.0
      0.46474740994          1.0000000
0 0 1 0 1.0
      0.18504536357          1.0000000
0 2 4 0 1.0
     63.274954801            0.60685103418D-02
     14.627049379            0.41912575824D-01
      4.4501223456           0.16153841088
      1.5275799647           0.35706951311
0 2 1 0 1.0
      0.52935117943           .44794207502
0 2 1 0 1.0
      0.17478421270           .24446069663
0 3 1 0 1.0
      2.31400000             1.0000000
0 3 1 0 1.0
      0.64500000             1.0000000
0 4 1 0 1.0
      1.42800000             1.0000000
99 0

