

*----------------------------------------------------------------------
* Basis Set Exchange
* Version v0.9.1
* https://www.basissetexchange.org
*----------------------------------------------------------------------
*   Basis set: jul-cc-pV(T+d)Z
* Description: jul-cc-pV(T+d)Z basis of Papajak/Truhlar
*        Role: orbital
*     Version: 0  (Data from the Original Basis Set Exchange)
*----------------------------------------------------------------------


8 14
0 0 8 0 1.0
  15330.0000000              0.0005080
   2299.0000000              0.0039290
    522.4000000              0.0202430
    147.3000000              0.0791810
     47.5500000              0.2306870
     16.7600000              0.4331180
      6.2070000              0.3502600
      0.6882000             -0.0081540
0 0 1 0 1.0
      1.7520000              1.0000000
0 0 8 0 1.0
  15330.0000000             -0.0001150
   2299.0000000             -0.0008950
    522.4000000             -0.0046360
    147.3000000             -0.0187240
     47.5500000             -0.0584630
     16.7600000             -0.1364630
      6.2070000             -0.1757400
      0.6882000              0.6034180
0 0 1 0 1.0
      0.2384000              1.0000000
0 0 1 0 1.0
      0.0737600              1.0000000
0 2 3 0 1.0
     34.4600000              0.0159280
      7.7490000              0.0997400
      2.2800000              0.3104920
0 2 1 0 1.0
      0.7156000              1.0000000
0 2 1 0 1.0
      0.2140000              1.0000000
0 2 1 0 1.0
      0.0597400              1.0000000
0 3 1 0 1.0
      2.3140000              1.0000000
0 3 1 0 1.0
      0.6450000              1.0000000
0 3 1 0 1.0
      0.2140000              1.0000000
0 4 1 0 1.0
      1.4280000              1.0000000
0 4 1 0 1.0
      0.5000000              1.0000000
99 0

